899381
806778
223887
096290
914993
817468
777428
997529
507387
370890
676434
986562
839126
579162
420858
213890
196597
476136
554062
517836
986205
589335
546761
146240
752525
150868
926015
418764
524089
052507
629109
249730
991810
215529
276865
334476
258168
923818
366727
009886
685151
432303
460289
285612
194492
993610
413335
779782
428989
835943
488353
834717
029128
527050
288712
973814
616047
085936
258317
702001
724023
047176
694023
391617
904691
286924
172609
721070
689788
050377
255200
150499
542577
460539
238198
192856
191216
592150
607332
852718
907211
396283
135056
974525
089924
790369
502325
159505
706588
105681
972454
084069
069721
186004
824648
116234
737974
041336
889372
202266
416975
892239
298869
901968
054530
114907
629997
160829
687613
331667
794935
772253
249605
437858
684660
277674
987304
155427
961618
174128
080518
715953
149620
302532
246391
435990
212968
710744
702283
132384
500268
649551
296835
123964
607945
294780
504557
380447
480897
936298
440226
050014
454827
463575
346405
832958
194462
248821
110286
542726
291520
219790
431188
990442
352605
988943
063840
588479
104766
442859
467334
841801
837746
272080
233585
244415
337511
084905
164199
189873
487716
244491
835811
001675
648724
122850
518643
280677
194509
290310
482011
302836
867960
186697
064212
451161
751452
177410
176404
012848
267185
196897
274949
264203
696479
158386
125485
862087
567181
392796
483472
874353
860641
487229
014788
407181
169777
996612
449849
508834
584897
832215
767697
687281
887045
961185
075351
514196
206031
536059
282715
048093
269655
323384
481771
658549
665498
842111
661214
075807
959172
644204
550053
187011
052384
305983
609989
214040
584330
224728
265036
423682
151705
704843
720393
764683
643755
552195
648743
335245
896385
762320
935431
314490
775341
642924
915440
750422
146990
313994
685503
312468
844444
737303
033362
929855
262617
227714
004631
503235
211452
144771
526791
403701
311996
105341
638146
505175
828831
365802
835235
061785
563797
795823
073566
948751
158002
916705
313125
240869
944494
657027
310687
146031
065338
822768
656284
753595
736629
980412
972782
340654
784694
878098
406006
189193
149589
500773
663921
953444
508432
719380
775010
792847
051141
072190
091945
661422
142801
410578
481677
687653
987630
739061
145767
337961
379484
235374
589840
589373
999509
827950
778987
109323
344808
792770
390157
104720
138338
285127
367105
302479
681065
104273
965727
981186
317195
678909
430010
789446
261820
835082
720950
084171
234907
268029
390590
113961
507477
184286
948181
068753
216385
830785
818720
854835
632240
559785
338884
253338
589190
022027
055944
158576
335375
664557
236384
236655
299755
483750
940139
773085
468633
422950
656081
406236
623011
351712
578160
641348
779040
417024
868282
459471
141112
518589
496279
612170
278046
357361
768004
094525
537381
942281
845552
230415
975906
918587
845422
316444
822970
116140
103520
468079
769303
906581
750495
792400
217748
272632
834192
224188
540252
786161
481960
902223
630176
191827
804265
952559
904737
610759
901567
527727
162851
511543
207933
586817
884471
282704
647867
649569
163798
639136
745862
859775
467954
781854
933542
462770
426844
118772
681634
900835
066726
246505
398496
765647
179717
323935
671832
205223
020765
637212
487514
475656
935823
305539
746325
890213
620557
604652
465971
772649
471453
169829
591346
978767
302782
526725
093310
726511
231342
276524
689511
603142
075899
307784
802148
186910
145933
720932
105830
412980
069375
327268
862488
117112
871131
788107
774796
897614
469148
409869
974793
702446
709169
852676
409400
163691
272379
796825
417095
760253
037702
938567
785717
704152
687602
967995
087979
366617
186153
685176
364687
512206
102777
406617
691678
739404
376934
786390
789092
885702
223905
575037
863890
309173
350239
396434
029214
114146
910582
780958
804533
365268
239649
719272
353834
341195
999772
513133
917389
611514
737694
257831
613007
126793
117740
641273
469180
697588
803788
452100
227161
873247
388899
598896
110665
829727
911962
868708
366745
944662
068706
839712
993905
189953
904702
455501
661386
937064
798960
512563
379585
199617
905568
284063
810676
961185
826246
214552
660699
089454
239940
608724
908419
218479
758356
971268
086307
984871
544748
546383
724630
545653
131800
559205
020131
155340
449914
944345
783825
394212
017099
641239
171308
474789
118046
640604
629649
366904
338086
866622
679169
320842
622537
010010
694854
122418
841923
146966
099917
540237
609447
640811
761062
035979
763207
910301
668982
625805
136053
450174
398560
862646
950019
371720
498114
322044
979139
547178
504008
642630
376758
024582
949269
092112
213736
710781
146063
967700
808295
942746
964793
651488
103870
606335
111022
855529
076809
127579
076234
769398
310974
446780
580676
885598
032408
394908
816581
436201
957562
798876
170427
882555
111143
184923
097510
378660
290704
359792
943340
054337
266407
616727
359411
042725
930931
832586
880356
265002
527315
072839
759467
515568
813544
669796
348862
008910
272478
653409
433272
012705
877845
647897
917247
745788
110830
798357
754874
315342
294346
958226
079253
258295
295241
589851
940034
145659
478920
137783
696387
686841
974037
944252
625338
568110
365064
208488
679587
925946
171582
998113
191073
005116
030007
795549
345489
421239
223331
398156
687751
931878
585501
910130
886513
533613
305822
088822
106410
986357
167589
308539
995975
206828
703762
757455
066317
339945
635658
694002
497111
510361
344236
366335
500612
712233
669010
239047
995402
409214
050377
269412
435903
507696
371245
096204
574906
553033
807174
646938
143735
061429
867940
818469
547549
922037
886137
356426
150016
629346
808055
022630
731255
249702
930199
797138
245040
960029
055429
128986
534250
389791
619350
146362
361876
447287
575361
485371
859707
095171
584022
206301
463363
411140
227449
656426
467387
491800
462487
324490
618294
216650
881454
546422
424233
062987
490582
039634
171847
105375
578100
368501
606309
581296
115790
307840
585565
515375
803720
157362
535435
088292
221779
734102
913401
763831
065429
739675
456598
679498
505373
280268
229836
447709
762306
463149
165982
602283
015926
789395
288278
676610
598320
870448
599157
977763
923572
467506
029022
666396
953421
227353
072277
557574
013301
003650
482020
721070
979798
631432
976674
952274
937902
120013
066587
364019
358035
761930
324285
051141
854097
532145
757957
756448
103828
562253
145568
290934
233723
011081
945311
378917
788066
585702
333362
285994
962122
049896
779391
021551
937627
294451
455927
204236
064159
015308
287464
950536
203497
099221
603704
502295
958822
528944
139844
274412
253876
322101
675471
077634
497247
983317
541747
097461
266830
645253
127427
857666
175032
909395
578457
685087
002691
997784
471342
779872
441348
606341
320650
045287
181875
687555
502136
469897
957711
384023
778796
707118
163886
078626
472260
967068
978059
107544
557140
136698
933797
486909
942305
919508
883770
425844
177369
100344
732127
271930
761220
980539
382387
169979
977032
689614
383340
566723
388812
854680
829194
762517
